FIFO
Out    Frame0  Frame1  Frame2  Frame3  
       1       
       2       1       
       3       2       1       
       4       3       2       1       
       4       3       2       1       
       4       3       2       1       
1      5       4       3       2       
2      1       5       4       3       
3      2       1       5       4       
4      3       2       1       5       
5      4       3       2       1       
1      5       4       3       2       
缺页次数:10
缺页率:0.8333
LRU:
Out    Frame0  Frame1  Frame2  Frame3  
       1       
       2       1       
       3       2       1       
       4       3       2       1       
       1       4       3       2       
       2       1       4       3       
3      5       2       1       4       
       1       5       2       4       
       2       1       5       4       
4      3       2       1       5       
5      4       3       2       1       
1      5       4       3       2       
缺页次数:8
缺页率:0.6667
